Function A: ADD 774
Function B: MULTIPLY 93
Function C: RAISE TO THE POWER OF 3

8142
2243
1179
1711
2560
8243
3757
3813
8684
6067
4219
6665
8455
3512
9220
8518
2610
4816
4726
5512
6721
3278
3464
8382
2008
6657
1636
3582
7346
3729
9060
6404
7306
8237
1019
2069
7137
8485
7264
1017
1007
9376
7963
2748
9097
6254
1480
2401
8010
3841
3841
8913
2548
1016
4189
4785
1612
4424
3706
5140
7310
2804
5520
3287
4101
7186
9382
8535
9729
1728
6312
8445
3224
8413
4336
6320
9912
4647
6344
9868
7730
4970
4706
2901
8175
1435
4687
8632
3784
9482
9461
9985
6232
9497
1966
1712
7962
2024
2664
1081
9394