84 34 99 18
54 40 74 79
29 49 22 66
88 65 76 97
85 78 33 12
44 22 15 20
94 24 58 37
92 27 64 71
34 19 44 94
69 87 96 23
69 26 80 11
20 39 70 61
35 50 28 21
86 86 57 60
77 79 11 11
24 67 17 94
83 71 59 61
27 46 53 73
27 99 61 48
96 25 59 39
45 16 15 87
30 36 35 83
49 73 10 93
40 81 49 70
62 77 67 33
21 93 46 76
14 42 69 63
45 99 54 41
70 38 44 82
12 43 25 34
41 78 98 95
45 90 38 11
85 77 12 82
24 36 33 16
86 30 31 72
69 39 28 75
31 52 53 51
27 97 70 88
24 43 37 32
31 36 32 56
46 23 40 82
24 79 61 42
81 14 47 12
20 13 87 26
66 46 42 51
99 36 18 30
28 29 39 19
13 47 35 40
22 54 14 38
59 46 50 68
62 19 75 63
77 14 17 42
52 80 29 89
72 40 14 90
93 83 15 28
17 64 76 92
76 68 12 90
19 31 52 62
68 23 53 15
79 74 89 28
49 84 60 29
67 26 86 38
32 89 10 58
18 67 13 34
15 97 65 31
36 16 96 72
96 50 95 74
82 18 91 39
23 26 84 73
71 45 43 33
16 92 47 59
27 78 54 55
89 25 16 78
85 41 65 72
13 58 80 48
65 21 98 75
17 91 35 23
66 63 37 37
64 71 22 57
41 95 44 25
43 51 43 51
93 55 38 88
81 50 80 98
90 56 35 55
85 94 17 20
13 11 56 21
91 10 30 18
45 30 26 75
64 56 10 41
60 98 57 29
74 53 22 73
32 66 48 47
44 21 48 34
37 92 87 19
25 84 20 95
57 68 81 32
55 62 91 97
58 83 88 52
60 42 33 63