1000 1001 1000 2802
1007 2902 1003 1001
1007 1008 1006 1008
1007 1005 1003 1000
1008 1009 1005 1005
1000 1008 1001 1004
1001 1008 1001 1001
1000 1004 1008 2871
1003 1006 1006 1000
1003 1005 1000 1003
1000 1005 1009 1005
1000 1005 1000 1001
1000 1009 1004 1008
1003 1005 1009 1007
1003 1006 7287 1002
1009 1008 1004 1001
1000 1006 1006 1009
1007 1000 9153 1006
1000 8697 1002 1005
7591 1003 1004 1005
1006 1003 1001 1006
1001 1000 1008 2458
1002 1000 1002 1008
1003 1002 1008 1009
1000 1008 1000 1003
1002 1006 1002 1007
1001 1009 1003 1000
1000 1003 8757 7664
1003 1004 1005 5951
1007 1002 7155 1007
1005 1005 1002 1007
1006 1005 8559 1009
1007 1002 9283 3647
1005 1004 1001 1001
3377 1000 1007 1004
1008 1005 1003 1005
1004 1006 1006 1008
1001 1001 1000 1006
1006 1001 1002 1003
1004 1008 1001 1004
1000 1001 1007 1001
5740 1006 1006 1005
1003 4000 1007 1001
1006 1003 1003 1000
1002 1002 1001 1003
2293 1000 1004 5915
1003 1005 1009 1009
1005 1009 1009 1006
1003 1004 1002 1006
1003 1009 1007 1003