3889 2943
3866 3252
3620 3258
3585 3293
3520 2805
3614 2572
3586 2549
3697 2653
3698 2729
3701 3107
3902 3405
3806 2967
3654 3425
3613 3134
3710 2665
3656 2892
3847 2874
3966 3027
3577 3092
3700 3700
3852 3201
3857 3250
3964 2798
3756 3020
3931 3470
3629 2591
3507 3054
3696 2861
3994 3402
3551 2682
3844 2763
3815 2844
3603 3286
3871 2975
3879 3263
3718 3449
3624 3304
3593 2746
3563 2732
3694 3070
3542 3422
3533 3068
3675 3419
3777 2622
3700 3701
3813 3379
3632 2850
3938 3277
3742 2862
3665 2536
3890 3389
3611 3261
3714 2621
3693 3163
3979 2712
3956 2500
3925 2705
3648 3335
3553 2897
3591 3327
3578 2673
3920 3112
3616 3041
3909 3083
3778 3288
3606 2839
3851 3489
3722 2762
3501 2547
3937 2792
3840 2896
3599 3005
3524 3450
3967 3303
3637 2930
3867 3279
3537 3412
3746 2853
3924 2674
3990 3123
3530 2715
3736 2545
3882 2501
3923 3329
3985 3091
3792 3214
3626 3147
3568 2566
3587 3365
3883 3424
3689 2669
3517 2675
3682 3403
3940 3390
3848 2939
3581 3160
3980 2817
3657 3363
3874 2541
3556 2782
3764 3406
3976 1989
3534 3116
3779 3274
3511 3427
3630 3237
3912 3434
3751 2899
3729 3067
3822 3475
3608 2635
3612 3246
3625 2703
3583 3356
3661 2841
3546 2978
3731 2895
3807 2743
3649 3049
3776 2799
3557 3184
3842 2554
3978 2901
3799 2689
3858 3110
3638 3069
3946 2616
3832 3373
3926 2959
3893 2779
3771 3132
3705 2816
3575 3173
3823 2828
3516 2973
3944 2893
3686 3256
3594 3479
3789 3350
3609 2994
3600 2936
3804 2722
3773 2544
3962 2745
3992 3446
3666 3355
3945 3084
3780 3442
3660 2546
3525 3290
3521 3484
3854 3096
3728 2651
3631 3133
3695 2995
3837 3180
3716 2588
3536 2609
3972 3287
3743 2577
3527 3171
3548 2726
3522 3159
3834 3468
3650 3152
3824 3061
3855 3496
3913 2886
3555 3227
3820 2741
3765 3238
3843 2947
3790 3284
3755 2898
3932 3416
3961 2928
3681 3194
3641 3021
3872 3156
3502 2888
3564 3018
3934 2585
3580 2582
3903 3076
3877 3493
3930 2603
7200 3601
3634 2512
3759 2900
3532 3482
3558 3430
3618 2830
3552 2528
3617 2878
3662 3473
3929 3101
3904 3428
3795 3453
3704 2506
3724 2784
3528 3064
3595 2681
3623 3435
3700 3702
3541 3128
3943 3347
3672 2827
3747 2903
3692 3271
3590 3331
3987 2791
3550 3308
3619 2660
3939 2602
3830 2576
3513 2700
3850 3388
3828 3211
3996 2795
3812 2671
3703 3490
3589 2510
3680 2555
3898 2876
3981 3367
3645 3359
3671 3421
3969 3231
3730 3372
3817 3060
3886 2508
3974 3144
3775 2801
3951 2691
3713 2765
3885 2727
3727 2648
3916 3079
3991 3195
3547 3371
3711 2910
3766 3357
3622 3136
3942 2989
3712 3052
3505 3414
3953 3401
3515 3465
3965 3071
3655 2879
3668 3185
3899 2938
3664 3131
3774 3400
3875 2724
3818 3268
3721 3093
3706 3222
3683 2606
3543 3004
3582 3408
3538 3181
3891 2906
3862 2932
3653 2597
3512 2948
3859 2786
3894 3426
3984 2626
3970 3360
3798 2950
7198 3600
3897 3330
3896 2744
3571 2522
3977 2869
3997 3161
3758 3098
3767 2857
3639 2971
3526 2852
3863 2907
3947 2750
3849 3334
3579 2997
3707 2587
3811 3369
3802 3235
3604 3491
3825 2875
3673 3206
3868 2855
3562 3078
3627 3342
3574 2760
3831 3080
3539 2662
3560 3472
3927 3432
3740 2740
3504 3203
10 10
3596 3037
3597 2865
3699 2956
3845 2615
3905 2552
3635 2954
3976 3223
3911 2525
3983 3023
3959 2649
3914 2654
3772 3179
3846 3169
3900 3495
3734 2761
3573 2714
3800 3345
3895 3447
3935 3208
3569 3242
3531 3391
3910 3233
3888 2946
3529 2608
3535 2789
3782 2937
3735 3137
3690 2527
3733 3487
3933 3188
3752 2633
3708 3187
3797 2598
3519 2803
3678 3197
3870 3038
3908 2641
7202 3602
3814 2881
3602 3129
3540 3003
3873 3210
3786 3108
3770 2655
3643 2513
3853 2923
3878 2851
3652 2735
4000 3269
3833 2658
3621 3111
3922 3205
3793 3409
3748 3241
3565 3062
3809 3318
3644 2829
3633 3413
3738 2751
3805 3257
3864 3000
3601 3109
3869 2578
3884 2630
3506 2605
3783 2647
3554 2838
3725 3075
3791 2819
3605 2652
3949 2777
3841 2551
3610 2842
3821 3352
3975 3429
3986 3264
3741 3332
3503 3155
3835 3143
3691 3153
3709 3255
3723 3045
3808 3007
3948 3351
3523 2601
3876 3298
3566 2934
3794 2905
3702 2929
3856 3386
3993 2884
3570 3299
3549 2614
3545 3316
3915 3481
3750 2983
3615 2717
3659 3063
3816 2889
3757 2618
3769 2990
3819 2833
3839 2699
3968 3077
3508 2820
3628 3460
3642 3213
3700 2873
3559 2812
3761 2822
3685 2787
3647 3378
3973 2579
3906 2613
3737 2580
3988 2505
3785 2814
3674 2992
3941 2523
3763 2926
3861 3485
3887 2759
3715 3444
3684 2548
3719 2863
3829 2730
3901 3349
3584 2999
3836 3282
3917 3266
3726 3172
3960 2945
3827 3217
3928 2916
3592 2970
3561 2570
3518 3423
3781 3461
3667 3336
3588 2922
3936 2864
3971 3224
3921 2982
3768 3314
3995 2965
3860 2663
3919 3073
3918 2560
3636 3313
3989 2736
3509 2563
3679 3358
3954 3051
3676 2866
3958 3457
3957 2963
3745 2628
3760 3120
3544 2680
3762 3212
3687 2984
3651 3353
3999 2757
3784 2567
3788 2537
3826 3145
3810 2695
3576 3387
3514 2849
3880 2962
3720 2719
3892 2596
3658 3046
3567 3029
3598 2797
3607 2754
3739 2883
3749 3326
3510 3011
3952 2919
3669 2620
3754 2543
3998 2818
3881 2516
3663 2688
3670 3361
3753 3462
3950 3230
3732 3438
3963 3158
3688 2517
3572 3488
3838 2518
3677 3454
3787 3321
3865 2721
3744 2701
3640 2756
3907 3323
3646 2771
