8466465748566658655767464748884674547855455557854355436673476455637466457735764767677545654474744436637457874844867867455764775574668476556476774846644
6768486764487888468756758758656466847687664875735477365443577475356553444574536545347464577436747374646657465488847547778784856886456845648666846546757
4866576567488778466845545666785547774786664864766567335543777533747556444457557563675344453444775476663355745885858676464858786886777467687876555877576
6774574878454686656676887464584484677866786635633435473636574636736457533435636567576735475746636743574763445654668754564664678454776448685784658447474
8847578744678477454648888874454784667757533655344654443554656773577433463534633744666463667365434435474333576675574854878866847488545786766576478847474
6474556556556585846675857866448685884743447734475737366554774675647753733557365577346337645573533457777653777354578868457756764454447566878556765564546
7685477455687458554675565875556847876557445446366376347353773346335465544734745666546564633663746333434444663565767474888858758484757574744588577787658
8588486864647768576877574856855878776465543354553566447663643577655577363463563677536643577547364466736554573363357757788866668846874565577486546444764
8587845757867748688664687668758776557445433643774733675753636453647436476111111157463374537665376673347765544374667777887848786654674684544464858746448
6867457485584685585466474586478677776536564656476746363475737763547541111199999116454345433773764467657376373773435576745444765454745646447757476787545
576868687757878756846764885668763477357666455747757544477653653375466199911S999913537333363564635533543556375766757744577787487877478648567586675586746
4867856747665457448777865564565776336444553675765363634737574643756531999999999914477747655434577745367633435346443367576577755754856685787557855558766
7764657556875885488664878844375747377657546333763333473377546446734361999999999916557677347653677647344475747353575457637774855867884858584664866588846
5765776656446457767644448764763565476777635535633756355456444354765553354999999613657573656633644363534653377377565437645445585766888874855455887754686
4448875578445685756777576434774775555743347456645577674364376756643566575599997314365475376574567777534444336636746644445556343865745785655755756444556
6477665466677858447575846533654636573543767635466335344574774354434375647336364736566465576347367676644353646773635446475364646474785778766458858876848
8486745676665644866684677475466455534755744356353563354564673554774565754574776556755635456365577365444466363773476434775337435754758454878887847658845
5654575668887444556773436557664356446643455367365536737767465677643636657573573544775656763564575454733456757335677775564355654767665564486745464488885
6685658444676656467556734747553473637635473665747655633457467453547547373557336465434655655475577456364744756354653675566656754653687467664756585677554
5675474787485678588356576463646636633665363673636736635335733346766766576435574335463543766553473573744757757757546663573764554755677874568754544765758
8888567688778757563447743347367635463347564475777577476557444377535654334344636577566676466675755566366553334376673735537736654737455854874788455646485
7785548556557757533356364347356675567353454367665667663744534437547355564765655674775437764367574764577745353347766365376633566745543688587686567547457
5565554584588546354556363554747747446475546736555544764574646337446456445736463347335656433545554354353454676436647346537457567546373366847444688444448
4565456457458464775473333547645566644566754454746745555476654643363553223653362553334663446476376377765437365544545445466633536354475376554744487845788
5758765547568835357343735455634636375553436755476566363334453235466325555445525445426553463373537436734736576355633473745337735634767536776856764788487
5677867588658455344453365357766435474565355477636434737453434353644455325632553263424462633255635675536573643767753373644676355577355477578454765648774
6468548664678765554464466636473535636464567353474543733436346546563355462332352422445662556533235347365467375477366647553455345774537467644684685455644
6684545884473375475675434435575357477446755576753654624555245552626222523422426334324262662662255533474677575345663474754656555665346373444467555778447
5777554546454333434634555374574677756677566437337736556244655242465343444526223425223355526242452262533755677653465646534574435766536333636777864578857
8555666866767676635656547356453647654367533574767426632325266624254235345423464532625334426656544264543453747766736753757435664563537346444467748567586
7785875654353546754363647367434365547576756676564225625356552626455643552644226564556633626435366353253436734357545475654566376634465464446648587757578
6687675456554563575673354773635563736457465575236365443444555652463453535666362645456344535466542362454646464346655756336553533764445536764353655748586
7456674873437475755645454467553635547665457645253235325456342343636525636633334536262423626434265533554365444355474767766444346466747566735675477878447
6555648466756635536356535734336664457347656536235435542532652366354553322623533325624626425425424652346344645565635353565644665767777737447334678856745
7844765753643676755337347575356636565364345223353243465532225354325364264263652665254466544454566666452252626364463567437435654633366577645476735478746
8486486436653773345653647635533555545353746243636456436462333452462236563544525346343562553235324636524322242655556767554343554565753756465463578886787
5584546635545435337633545366764645575335664536326634454564224344436646633522533565264364436242564633554542346466566464473753763437553366753477634774465
7788476554466455356446746445547374744434265562543636632566242424645435452256424422224354326462244344625624653545445756573466345756673663533556765464548
4758564343477544677436734476533656474626446462336552522564443653346462665265555636563255322445244335335524463362257763543357765376735334747637376744767
5478464443566565374533446563454674574262332556465425664363643234365225565556226233425233633224555655322556624525436637673463645557643643573765344354788
4457747344656767364745336737443366634432264344245356653634453545255554264264264453266263224263536345326522642354362645657557735665477574547437466547587
4688346446537555646647365476547374522436555562646245262554656355644225552525223365633536266342342246445552645265433467534347566467666473565336644755684
6574555375766475464545377664375634444666633322453262323422556566265544345636655364655653654525252252432632256222344565774736677676764536553464665535587
8456566356344455555554466374544532266464642222536262522253555345366545424552362465542556333342635255556245552666455536633374653443774567556574376563766
4667457775344744467376373556537336654663664625224636333433234453632634555553333533646365236253642434666232536526445336343764775474576753556557436634764
8476655746775353333566545763734636346652562525423553353225562436352626634633642635256633364246322342564532542365524554364764565665777535565544477773746
5376547636335647464557654644566365224542656425553355643625325434565463653254353222632364656264552222232522524226365523254376566346757647666436467344765
8737737737365453574364735737442522523654555343555633332663554443265655554464443425655663653424226352252453453645455223554555347364353677665774333555434
7354357736467675477433745656646365553244243455225624343545623332265265226533636442336352544222646434653253465544433646522644555755474347564646454673454
7757754745557535747446556657336422442665364224556365224433433454244223445343442342343423352346244542426226443455356252555457353666467657666454353554556
7736574747437345373435463765354663522636635544556256456634332642434423332445542242426445322224246532234553562246422353463373356767547576445376756467573
5745666576577344554566363763546333646636423556432442545625365642553542235233345225425233234245535563224352665533355252625523635466375343463766767665667
4434765377575755736357433453653466425223242622345654526655353342344344425435335352422233536335352362626243435666534336664224644445533333353376536476564
5737677736546344333635477433562435656335556354243345346444452324242344433253443422342432252566263652533263645325342233333225553536373333465455775476774
5377465347554444445656464456452264544535562254266522543522224523322523525222454245443523223552656465664245365232526626363446667454464473543755546554657
5666545337667767466475463662625232445632236462544545553255443344443234554354333235352444225533634443626432223326434433652532333533367446343373343543756
5333667537476367767455366646555236224666522223652523643353524524543533422525344554345232443524564442556266656452524263623255556567454467463563577654364
3364657767546777774343367653552655633426255266453464643332433324253233552235232353543223434434533533534525253555265442325652275454347737776553634735443
3445575763367536436635456544633234252435243633632666323522352423332232234233342442244532222252224656244643263233556246562342464376776443344645435673744
5333453436756643367675566342324543332666453446552426363453253434525254525542352522435553325444355543623535542452526346245646657556743764663364775354445
6366777456777774346375436363462323622645425264263524663355545543325223235342352452245332232552222225434532635632524452446434356644336446367336754564733
6664765565457557335333433544242455524456425342234635352433443523253255253245425225245534253453334543323534226552545323664322325645544475644337765634335
3635675466537473453356344363462264426223324463334255554545523524225352245444242544555543353233435223356254666222364553526654444545464577533377363443467
4755774776567574657735533556634264426224344425445262252552554345424353442325253424444435345333454224544463625226435263452526623463533333575774756556446
4646446456644774355676573463534435444565524342226324522335244524353543554334352254432242335352342433333263456452365223454443334543435435433433537774457
5477337333645636775437356432454525326255643646245535354343422555252522242325322244342432352333523343642566432423443243543435333336675444644374677764734
5756353763535544543633342663356656225532356465466465324335245534422322243343525545554255224253244453266336422542532333264355362446637536347454777437357
7766473433565674456647542546524662356655553524264443235533225552443233533322243534252343244224322443446525432335634643223655633463746356344546756373475
5434356433656633374633352543633436464346355563253544224253323452253422455233443433344534442253544552554355625354354642425333245456667747646363546443456
7364334673567577747455645352342266445423366254666222452252524224255255324353554235543454455232353455452654634533232342462525635656744467353744474757766
3735575643455344465334343343633256556642456562643344223245332232244223354435225452424455542332523225252563522655565522564254543533767537753377665777435
3767373655636373357333722424642642642445623223335552323232322442332332423445354543523424455332425342226233533262565534643624343453563335347676473454575
4754637734737336764767735566235234665522252663622523222432542352444343343434423335352322433535554242432322544242245524552626225553357457776466663537647
3345734334747664566654645532434456654564655426466243434235555555435434242533553244434334445244434554533324325363654343536522446375364657736576474644476
4645636666454577354634454244266544565232463434425423253534245532524225523252542334334453242554435334246564545452522655453646354425453656746577743736573
666734347673537566767762453533533324565632344453633232522352524223442254422@325535524224442345545324524254424462343333352324645353363435366655437773444
6637644744363534635535624254563554444443363233644532423245253324543353444399924322444252323455455232442622452245463523646642636643335473566576676367475
5635636476357646443455623443643453443223335633545524345233223553554232545599955335525534355433254534346562434555665242566432253273365373357463563646566
6344353665467353437644342263452553253554265563234443535225323343524445422399924345354543323434523235234644353356322345642523465634777676573775445343333
4635574533473343776655434656452543542434554355323424424324352353233523253599935323423523324423425242532626653453433524224432625464764546365456547735655
7367773553433334576766725534244332223563644322452253235252355445433254343399932452222325435444444235432322436324354556255452566546476666346374557573666
4674334433567654636644455432364422646266333636642334352535533234232242442399932444454354445454343355443423533645246665534465525533574547636437567453535
3474573757556766745534733542463252224635623553536233232524344543232555322399923522332342444443543325436655442443423532535343665255643575357675736546736
7735755343757734335555663326333463454632666564565555324454522325453555233299955224242323542332544522324354535234436264626656635235433574337465563543475
5663544363365773745575753344225236454636332246226664223535523544255455243399935324432355243535342525435624523656346664622655224653637575647456443666475
7644565356345766774733365355252462546436345455464555254244453524434434522299944222255323353335322325466443426322263423446245464466333563455454733344546
3454374757574674655637552552656254253343642345326453234253254253523234252399945325444552555555245243243465623246454524335263355677357356454564745776435
5656535366547665456637546444523423262534532355325232545442222555435252345599933224523323354534342445262244565334364323443266634747577446744434464766367
7633755344556476536775476622262365263453435443225354435522544342224243424299953325353353433253334255445326532445533543234523235565634345334374646357736
4453335777474677765754662344226456324322642623365246432432545533422554453499924255432324225353232542253633334222563546434632322653555675336753363556473
4576564766357654367774444543632426555565362644256444664352433235232452525299935353222224525544225542543524656445364552362562663754646345777447745766374
5554533647663544347336565554555223664253236535326236244525332444422245542599922443554552245544535656223336336463464532526454665355536364644466543446643
6536547744737534677744463236243662265224642426335433656243432225242532253299935335445444322555533343324442346662456563366633535473537646343737764536435
3337754635436734755475343443565536634525263453423366645524242534523544355499952354542355422522266535256634433254236536664453545733775344737473733577634
4535363354664533654543337455425655666224456243544664543352233532522253532399922454325555522435262243246444534246343324223432354735364565653553543764566
6375753554745335674533366733643265465234526264632434565352444454423343355599925553422232552223645253363656452665224435556625534634333445673357743455735
5774475434565754354455467466563622455332446255663254323232343423234524225599952222232534235526535224446565555534444325665434665366567574537775656434476
7464557754634545647654774735542646453346626436365443252253435552245552452399925544323225353322322233455426423454542254453553763773775657633355434356646
3677666774435753466555565535434223255642362226545266622622653452555224552599923534442435432543632646363466562645626463363233677655476777574453656456576
7376744363547457544465757634326222354255223365254222463532446625433344435399945553535433434656456655266636224436542256664244755464656343555647734775565
3533533643537334733655336677536564343633334565444256625525332422626523242299935334354335533632665464442426522424343332546477754477744464467645654435567
7745735436747464367355575474646235343346542622465432224234224224653252425399945456334533422626453553652644635644233246536454765373654364544677533677677
4743546564765447454464763456576642622562424545333334455244422462263245243299923256542432346254252353665544653632263452525356467665755734743374634647665
5347753467673373645573543733444265452463343624253353646443226233255333352599966552224623563265426533545235565235465454364537553647746343744476663563774
5376337744474375774743356536547432634524354532645536232435332445433364543399925533644633322346343423233545624564324655555634445537643375354755333676736
8654453476753657777767355334435732362225525445343525565652223364243245336699923436555442345466523546266653332354443535637576535444564545753544457436356
6655433357436457564535347474347655545256452556465654436532623526342262543599954424365364622265344353442563222562253256556753644367465657633357436454747
8843646576544356433664557454555665662655464625642622446425436565625365635699966353354562655464436535663535264445665245557546637475665443757737636445886
6475555345344555364437475743446436326352342344565655252325643244434646324499935554355552362435264454632532665324636524464633473445345465655533337743667
6577544457675546764777736477653735556264365235533522344624233522452326464699946455623645656326366566233344235254545457637735476437357375356763334467786
4858733466576754577344656453376445536242325622564362524544342643626522664299962345253546236224353624662232224623654674773656365636353537647556547448764
7568846364766675636536535343544663433536342522633532264652465463462655345499955634224365645452446445526424236655525557336467676767736647456343756376565
4864536443546333766575545574634635534523464336553644452636556334624356242399932233453324362355266455665346655534535667664477674646735654773375474664668
6655755546445547556656357657664346635454462336665435645636265335524235653399956633343422543263425534535342653243367554776747376477453664335754776566676
8785556477666556755545555433674753756765565434325253353365246444566662353599955264344642556423225662356524353446775773347737534663466574367345753748885
8448756757574644667476555676474353465734424336542432625656562353364365623599953324525543442663432544236663345565435375357576734337346437645367668657465
7884467656537347734664344445756476646357532463645644262624336365425322344399946242252622444325254424654636625577633333355753666647453665366774635548585
4847785646745437676536664534453357655454467545243534445335553662665262632399923526323325432343555555522433457374534633356564773674377747565375645844785
6447656544474567336676354545546465733743547635565443542332256425232535634299945666643626655524642536463465233544674464463577733447474463764445876755454
8464665583455473547474563636643663356437533476526325566356335644365633455599942534445423235466344543235567445446466453774743333376764743347554865847578
4578776544455363634675433434337343766774634766363252636523253426243254465399955335662335625453655434333565476366737434334473476365475356737437768647854
7578858866835455657444465735767747463336444573353464254252244435223432233499964343256536364653352653454565557764334354745434475543356763535586676774767
7486556646474374763366373664364756736333553464646466532663244266563235323399965426232356623645556224436476673657445436337575545655653537463646644487865
7667866577484436574537464645737647434767676364474745655234552264644623436499924642356424454533235453734365547435535665544475754347765443756745768656666
6664756785856447537646543667644744635533333746534335567234625444652465434399924354463236533624525646336577576757454376665457556353336334537677448476658
8457487854657453776435467347634365543573343657543375635536355655554342655399965325456462534654655665667463564475436546473646565333475346566848585547457
6656668844558654756467464667665363544546657777335774667647733665545245362399956425222454546337355457453743647744373546537643455643456346546446555577747
8764867568764686777757767443674657734774456445475435667377353465334366252699944266444366774644433433565664573574557475456464635567657355668678476567585
8648765776677544353344366733766366643647435336346375453635347577574574535599963445543553635434563775566346363337446773744533537573555368867777674568688
5656584546475675655574774577435654575674535667753656443664647634454564537399955546356634477763375565565767676346447556634575444765377446657657676474574
5775665547447854583346777755735365455433765453764335647647473545457566435399943467356334665555364664365467635764543553775557434335757755577558665876867
4845754668866668554465644535754545474447643343554536365553553663657365455499933364344744357566775347546466564376563763376753635556736665484464448568448
6676668574575766867847367464456575737364673773564477543764534736737773733799967347645563354763444757746773764754635353466677475653744658668887767655777
7568645485475445667665777564654553453635755376655455765367745767547757535799975644555775654735355733363576755333655457736734644673688457444785644555447
7845546674746654687548465774667655747436567664335665473354453377657755353599936465675433367345467767553646547664353455633365356637786876768547657745586
6657457588578846457766747557674457666563665633665476576756463455776354643699964437367445743447734374757357557546544534366543447784787684884644784774887
6564488587577567777654477745657343475346444777753335367476433636563664736599957365545754767555343676355777757343576375444477644576547445465774764787657
6668486545865746574744444476543365457547447475466337563674636453437774767399956465343636644344345777645534667743334333543565376654668558876468646655867
4568548788546568786466456674444454437343563773335543447667767333375556563699963363465745546576546553747535677746475767763357467644875588784854844574457
7764666557465656666684775648563453764347745764355366744556635556663774763499966637373575336377756564455473734453373456675336687787758645454748676757656
8654666778446884477558677467785676674635645563765335436735336366367354745799946776444464466577775745737377473466666467345747877765775776764447785846864
5576467558684854468888777566867674763477373635577445464343764666543756376499954346745434743476357745437543674353644346635458787877885756678555754688868
6788555644668856467878588445487457464473764354776677633574354453555375367699956747466534457446736455764433436774766357744687464888467585867786865658457
6885566448844855664556475785457474634333536434543757537766767637475773764699947476533335776763545744655574633646533465574476874886757767646856684468565
4564865785854567647564888578567775566656554777356645576775753733764676453599956743345337453357566563564547666356454586477857455644744858468468645847554
6764787877446665684477467878544478748474466756444364376455557347545665456399964637673434564774767344376734436753384756567744645657788764758478747666467
4574746768765477784557465775547448476878777433373355757755645637437476374499964367344664573747644455563635663478468557675656575744675655548675764446645
4655856467886475586575778858875775864547877655577655436635556653574353744599974675763544345743543654753734546657884756765747757687646844567674668684488
5646847645876885856668744554847444774466877737463465533634766464733456366499973546567747346676756756456555665757484556888466685585777884764844465466766
6555756868654546867676647667454765444745765448637737355445577643636466444799947734753477555735445643547338565476567848864857878765765765775588677777576
4455668445475648884744578775868846576657765448568554346663574743635665675799965336365656754677456546555847648755575668785884546875546747847477448654566
